56,52
56,51
56,50
56,49
56,48
56,47
56,46
56,45
56,44
56,43
56,42
56,41
56,40
56,39
56,38
56,37
56,36
56,35
54,5
54,4
54,3
54,2
54,1
54,0
51,3
51,2
51,1
51,0
50,3
50,2
50,1
50,0
48,3
48,2
48,1
48,0
47,3
47,2
47,1
47,0
20,3
20,2
20,1
19,3
19,2
19,1
12,3
12,2
12,1
11,3
11,2
11,1
10,3
10,2
18,1
10,1
9,3
18,3
9,2
9,1
8,3
8,2
14,1
8,1
3,3
3,2
3,1
14,3
13,1
13,3
2,2
2,1
0,408
0,273
2,3
0,270
0,0
56,34
56,33
56,32
56,31
56,30
56,29
56,28
56,27
56,26
56,25
56,24
56,23
56,22
56,21
56,20
56,19
56,18
56,17
